
2 + 3

      5
      
5 - 3

   2
      
2+3
5 - 3

   5
   2
      
2+3
5 - 3
3-5

   5
   2
   _2
      
2+3
5 - 3
3-5

*:4

   5
   2
   _2
      16
      
   
   
2+3
5 - 3
3-5

*:4

*: 1 2 3 4

   5
   2
   _2
      16
      1 4 9 16
      
2+3
5 - 3
3-5

*:4

*: 1 2 3 4

1 2 3 + 10 20 30

   5
   2
   _2
      16
      1 4 9 16
      11 22 33
      
2+3
5 - 3
3-5

*:4

*: 1 2 3 4

1 2 3 + 10 20

   5
   2
   _2
      16
      1 4 9 16
      |length error
|   1 2 3    +10 20
      
2+3
5 - 3
3-5

*:4

*: 1 2 3 4

1 2 3 + 10

   5
   2
   _2
      16
      1 4 9 16
      11 12 13
      
2+3
5 - 3
3-5

*:4

*: 1 2 3 4

1 2 3 + 10
3%4

   5
   2
   _2
      16
      1 4 9 16
      11 12 13
   0.75
      
2+3
5 - 3
3-5

*:4

*: 1 2 3 4

1 2 3 + 10
3%4

x=:100

   5
   2
   _2
      16
      1 4 9 16
      11 12 13
   0.75
            
2+3
5 - 3
3-5

*:4

*: 1 2 3 4

1 2 3 + 10
3%4

x=:100
x-1

   5
   2
   _2
      16
      1 4 9 16
      11 12 13
   0.75
         99
      